2 
2.686298e+02 4.020283e+02 
3 
2.685312e+02 4.020022e+02 
4 
2.695345e+02 4.019800e+02 
5 
2.700699e+02 4.019411e+02 
6 
2.706031e+02 4.018189e+02 
7 
2.707165e+02 4.016139e+02 
8 
2.711921e+02 4.013368e+02 
9 
2.728496e+02 3.971725e+02 
10 
2.729414e+02 3.970676e+02 
11 
2.733846e+02 3.968798e+02 
12 
2.740043e+02 3.966919e+02 
13 
2.749527e+02 3.924070e+02 
14 
2.751307e+02 3.922999e+02 
15 
2.760322e+02 3.882181e+02 
16 
2.760950e+02 3.881201e+02 
17 
2.756752e+02 3.873825e+02 
18 
2.762227e+02 3.827476e+02 
19 
2.761674e+02 3.825719e+02 
20 
2.764019e+02 3.780381e+02 
21 
2.771451e+02 3.779655e+02 
22 
2.769628e+02 3.776375e+02 
23 
2.776435e+02 3.727352e+02 
24 
2.777934e+02 3.724773e+02 
25 
2.783248e+02 3.678171e+02 
26 
2.782918e+02 3.675200e+02 
27 
2.787891e+02 3.625708e+02 
28 
2.788673e+02 3.581066e+02 
29 
2.791575e+02 3.580304e+02 
30 
2.810772e+02 3.533476e+02 
31 
2.813032e+02 3.530957e+02 
32 
2.831031e+02 3.484051e+02 
33 
2.835953e+02 3.482726e+02 
34 
2.850779e+02 3.481321e+02 
35 
2.868008e+02 3.425373e+02 
36 
2.888586e+02 3.428019e+02 
37 
2.923511e+02 3.429612e+02 
38 
2.934602e+02 3.428990e+02 
39 
2.959485e+02 3.427902e+02 
40 
2.986061e+02 3.378003e+02 
41 
2.994855e+02 3.378737e+02 
42 
2.995661e+02 3.379391e+02 
43 
3.001426e+02 3.379569e+02 
44 
3.010961e+02 3.380063e+02 
45 
3.013663e+02 3.380901e+02 
46 
2.990561e+02 3.379381e+02 
47 
2.942448e+02 3.368164e+02 
48 
2.840063e+02 3.346204e+02 
49 
2.755194e+02 3.392190e+02 
50 
2.652622e+02 3.445210e+02 
51 
2.646407e+02 3.444708e+02 
52 
2.644094e+02 3.444845e+02 
53 
2.646294e+02 3.443083e+02 
54 
2.585173e+02 3.432132e+02 
55 
2.591435e+02 3.431921e+02 
56 
2.592593e+02 3.432309e+02 
57 
2.588797e+02 3.432195e+02 
58 
2.590478e+02 3.431657e+02 
59 
2.582207e+02 3.425117e+02 
60 
2.581559e+02 3.426276e+02 
61 
2.583151e+02 3.426089e+02 
62 
2.582775e+02 3.425723e+02 
63 
2.580335e+02 3.425629e+02 
64 
2.576975e+02 3.425493e+02 
65 
2.578280e+02 3.425913e+02 
66 
2.577054e+02 3.424910e+02 
67 
2.572306e+02 3.424035e+02 
68 
2.567815e+02 3.423334e+02 
69 
2.569825e+02 3.423338e+02 
70 
2.577166e+02 3.423341e+02 
71 
2.565118e+02 3.422427e+02 
72 
2.565697e+02 3.420543e+02 
73 
2.561346e+02 3.419274e+02 
